%my spectra

spectra = [1,1,1,1,1,2,3,2,1,1,1,1,1,1,1,2,2,3,3,3,1,1,2,1,2,2,2,1,3,5,5,3,2,3,2,2,2,2,3,4,7,10,9,6,6,10,5,2,2,2,3,4,5,10,3,6,10,10,7,3,2,1,2,6,5,7,5,10,10,20,8,7,1,12,2,3,4,5,8,8,10,8,8,1,1,2,1,2,3,3,8,8,8,7,8]